# 職業安全衛生設施規則（N0060009）附表／附件全文


## 表一：垂直方向全身振動暴露最大加速度值m／s2
表一：垂直方向全身振動暴露最大加速度值m／s2


## 表二：水平方向全身振動暴露最大加速度值m／s2
表二：水平方向全身振動暴露最大加速度值m／s2


## 表三：熱指數表
表三：熱指數表 
溫 
度 
(oC) 
43.3 第 
四 
級 
57.8 
  
  
  
  
  
  
  
  
  
  
  
  
42.2 
54.4 58.3 
  
  
  
  
  
  
  
  
  
  
  
41.1 
第 
三 
級 
51.1 54.4 58.3 
  
  
  
  
  
  
  
  
  
  
40.0 
48.3 51.1 55.0 58.3 
  
  
  
  
  
  
  
  
  
38.9 
45.6 48.3 51.1 54.4 58.3 
  
  
  
  
  
  
  
  
37.8 
42.8 45.6 47.8 51.1 53.9 57.8 
  
  
  
  
  
  
  
36.7 
40.6 42.8 45.0 47.2 50.6 53.3 56.7 
  
  
  
  
  
  
35.6 
第 
二 
級 
38.3 40.0 42.2 44.4 46.7 49.4 52.2 55.6 58.9 
  
  
  
  
34.4 
36.1 37.8 39.4 41.1 43.3 45.6 48.3 51.1 53.9 57.2 
  
  
  
33.3 
34.4 35.6 37.2 38.3 40.6 42.2 44.4 46.7 49.4 52.2 55.0 58.3 
  
32.2 
32.8 33.9 35.0 36.1 37.8 39.4 40.6 42.8 45.0 47.2 50.0 52.8 55.6 
31.1 
第 
一 
級 
31.1 31.7 32.8 33.9 35.0 36.7 37.8 39.4 41.1 43.3 45.0 47.2 49.4 
30.0 
29.4 30.6 31.1 31.7 32.8 33.9 35.0 36.1 37.8 38.9 40.6 42.2 44.4 
28.9 
28.3 28.9 29.4 30.0 31.1 31.7 32.2 33.3 34.4 35.6 36.7 37.8 39.4 
27.8 
27.2 27.8 28.3 28.9 28.9 29.4 30.0 31.1 31.7 32.2 32.8 33.9 35.0 
26.7 
26.7 26.7 27.2 27.2 27.8 27.8 28.3 28.9 28.9 29.4 30.0 30.0 30.6 
    
  40 
45 
50 
55 
60 
65 
70 
75 
80 
85 
90 
95 100 
    
  
相對濕度(%)


## 完整條文
[非 PDF 檔（），未解析]
