 
1
附表二 高壓室內作業減壓表 
(1) 
作 
業 
壓 
力(kg/cm
2) 
(2) 
高︵ 
壓分 
下鐘 
時︶ 
間 
(3) 
一壓︵ 
日下分 
內時鐘 
高間︶ 
（4）減壓階（分鐘） 
（5） 
體壓 
內力 
氣係 
體數 
(6) 
中時︵ 
間 分 
壓 鐘 
減間︶ 
(7) 
終時︵ 
工 分 
壓 鐘 
減間︶ 
2.4 
(kg/cm
2) 
2.1 
(kg/cm
2) 
1.8 
(kg/cm
2) 
1.5 
(kg/cm
2) 
1.2 
(kg/cm
2) 
0.9 
(kg/cm
2) 
0.6 
(kg/cm
2) 
0.3 
(kg/cm
2) 
超過 
1.0 
1.2 
以下 
10 以下 
超過10  30 以下 
超過30  60 以下 
超過60   90 以下 
超過90  120 以下 
超過120 180 以下 
超過180 240 以下 
超過240 360 以下 
480 
 
 
 
 
 
 
 
 
 
 
 
 
3 
5 
7 
1.1 
1.2 
1.4 
1.5 
1.6 
1.8 
1.9 
2.1 
30 
30 
30 
30 
30 
60 
 60 
150 
30 
30 
30 
30 
30 
30 
30 
60 
超過 
1.2 
1.4 
以下 
     10 以下 
超過10  30 以下 
超過30  60 以下 
超過60   90 以下 
超過90  120 以下 
超過120 150 以下 
超過150 180 以下 
超過180 210 以下 
超過210 240 以下 
超過240 300 以下 
480 
 
 
 
 
 
 
 
 
 
 
 
4 
6 
7 
9 
10 
12 
1.1 
1.3 
1.5 
1.6 
1.7 
1.8 
1.9 
2.0 
2.0 
2.1 
30 
30 
30 
30 
60 
60 
60 
60 
150 
150 
30 
30 
30 
30 
30 
30 
30 
30 
60 
60 
超過 
1.4 
1.6 
 以下 
     10 以下 
超過10  30 以下 
超過30  50 以下 
超過50   70 以下 
超過70   90 以下 
超過90  120 以下 
超過120 150 以下 
超過150 180 以下 
超過180 210 以下 
超過210 270 以下 
360 
 
 
 
 
 
 
 
 
 
 
 
3 
6 
9 
12 
13 
17 
1.1 
1.3 
1.4 
1.6 
1.7 
1.8 
1.9 
2.0 
2.1 
2.2 
30 
30 
30 
30 
60 
60 
60 
60 
150 
150 
30 
30 
30 
30 
30 
30 
30 
30 
60 
60 
超過 
1.6 
1.8 
以下 
     10 以下 
超過10  25 以下 
超過25  40 以下 
超過40   55 以下 
超過55   75 以下 
超過75  105 以下 
超過105 135 以下 
超過135 150 以下 
超過150 180 以下 
超過180 240 以下 
300 
 
 
 
 
 
 
 
 
 
 
 
 
 
4 
7 
9 
 
 
 
 
2 
11 
16 
16 
16 
21 
1.1 
1.3 
1.4 
1.5 
1.7 
1.8 
1.9 
2.0 
2.1 
2.2 
30 
30 
30 
30 
60 
60 
60 
60 
150 
150 
30 
30 
30 
30 
30 
30 
30 
30 
60 
60 
超過 
1.8 
2.0 
以下 
     10 以下 
超過10  25 以下 
超過25  35 以下 
超過35   50 以下 
超過50   65 以下 
超過65   95 以下 
270 
 
 
 
 
 
 
 
 
 
 
 
 
 
 
 
 
9 
16 
1.2 
1.3 
1.4 
1.5 
1.6 
1.8 
30 
30 
30 
30 
60 
60 
30 
30 
30 
30 
30 
30 

 
2
超過95  115 以下 
超過115 135 以下 
超過135 165 以下 
超過165 225 以下 
7 
10 
15 
18 
16 
16 
27 
34 
1.9 
2.0 
2.1 
1.3 
60 
60 
150 
30 
30 
30 
60 
30 
超過 
2.0 
2.2 
以下 
     15 以下 
超過15  30 以下 
超過30  42 以下 
超過42   60 以下 
超過60   75 以下 
超過75   85 以下 
超過85  100 以下 
超過100 120 以下 
超過120 150 以下 
超過150 210 以下 
240 
 
 
 
 
 
 
 
 
 
 
 
5 
12 
17 
21 
25 
 
 
 
7 
16 
16 
16 
22 
29 
39 
1.2 
1.4 
1.5 
1.7 
1.8 
1.8 
1.9 
2.0 
2.1 
2.2 
30 
30 
30 
60 
60 
60 
60 
60 
150 
150 
30 
30 
30 
30 
30 
30 
30 
30 
60 
60 
超過 
2.2 
2.4 
以下 
     10 以下 
超過10  25 以下 
超過25  37 以下 
超過37   50 以下 
超過50   58 以下 
超過58   75 以下 
超過75   90 以下 
超過90  108 以下 
超過108 145 以下 
超過145 180 以下 
216 
 
 
 
 
 
 
 
 
 
 
 
16 
18 
21 
27 
29 
 
 
 
6 
14 
14 
16 
22 
32 
41 
1.2 
1.4 
1.5 
1.6 
1.7 
1.8 
1.9 
2.0 
2.1 
2.2 
30 
30 
30 
30 
60 
60 
60 
90 
150 
150 
30 
30 
30 
30 
30 
30 
30 
30 
60 
60 
超過 
2.4 
2.6 
以下 
     10 以下 
超過10  20 以下 
超過20  32 以下 
超過32   45 以下 
超過45   55 以下 
超過55   65 以下 
超過65   80 以下 
超過80  100 以下 
超過100 110 以下 
超過110 160 以下 
200 
 
 
 
 
 
 
 
 
 
 
 
8 
18 
26 
27 
29 
 
 
 
7 
16 
16 
16 
22 
25 
41 
1.2 
1.3 
1.5 
1.6 
1.7 
1.8 
1.9 
2.0 
2.0 
2.2 
30 
30 
30 
30 
60 
60 
60 
60 
150 
150 
30 
30 
30 
30 
30 
30 
30 
30 
60 
60 
超過 
2.6 
2.8 
以下 
     10 以下 
超過10  20 以下 
超過20  28 以下 
超過28   40 以下 
超過40   44 以下 
超過44   49 以下 
超過49   60 以下 
超過60   70 以下 
超過70   90 以下 
超過90   110 以下 
超過110 140 以下 
180 
 
 
 
 
 
 
 
 
 
 
 
 
 
 
8 
13 
 
 
 
 
 
 
11 
18 
27 
27 
29 
 
 
 
6 
11 
16 
16 
22 
22 
29 
41 
1.2 
1.4 
1.5 
1.6 
1.6 
1.7 
1.8 
1.9 
2.0 
2.1 
2.2 
30 
30 
30 
30 
30 
60 
60 
60 
90 
150 
150 
30 
30 
30 
30 
30 
30 
30 
30 
30 
60 
60 
超過 
2.8 
3.0 
以下 
     10 以下 
超過10  20 以下 
超過20  25 以下 
超過25   35 以下 
超過35   39 以下 
超過39   44 以下 
170 
 
 
 
 
 
 
 
 
 
 
 
 
 
 
 
 
 
 
 
 
4 
10 
16 
1.2 
1.4 
1.5 
1.6 
1.6 
1.7 
30 
30 
30 
30 
30 
60 
30 
30 
30 
30 
30 
30 

 
3
超過44   50 以下 
超過50   60 以下 
超過60   78 以下 
超過78   85 以下
超過85   105 以下 
超過105 130 以下 
 
 
 
5 
17 
21 
8 
16 
27 
27 
27 
29 
16 
16 
22 
22 
32 
48 
1.8 
1.8 
1.9 
2.0 
2.1 
2.2 
60 
60 
60 
90 
60 
150 
30 
30 
30 
30 
30 
60 
超過 
3.0 
3.2 
以下 
     10 以下 
超過10  22 以下 
超過22   30 以下 
超過30   35 以下 
超過35   40 以下 
超過40   46 以下 
超過46   53 以下 
超過53   68 以下 
超過68   79 以下
超過79   100 以下 
超過100 120 以下 
158 
 
 
 
 
 
 
 
 
 
 
 
 
 
7 
17 
21 
 
 
 
 
 
9 
16 
27 
27 
27 
27 
 
 
8 
14 
22 
22 
22 
22 
33 
48 
55 
1.2 
1.4 
1.5 
1.6 
1.6 
1.7 
1.8 
2.0 
2.0 
2.1 
2.1 
30 
30 
30 
30 
30 
60 
60 
60 
90 
150 
150 
30 
30 
30 
30 
30 
45 
45 
45 
45 
60 
60 
超過 
3.2 
3.4 
以下 
 
 
 
     10 以下 
超過10  19 以下 
超過19  27 以下 
超過27   31 以下 
超過31   36 以下 
超過36   41 以下 
超過41   48 以下 
超過48   60 以下 
超過60   73 以下
超過73    95 以下 
超過95   115 以下 
146 
 
 
 
 
 
 
 
 
 
 
 
 
 
 
5 
 
 
 
 
 
 
 
 
10 
19 
22 
 
 
 
 
 
8 
16 
27 
27 
27 
32 
 
 
7 
22 
22 
22 
22 
22 
37 
63 
74 
1.2 
1.4 
1.5 
1.6 
1.7 
1.7 
1.8 
1.9 
2.0 
2.0 
2.0 
60 
60 
60 
60 
90 
90 
90 
90 
120 
150 
150 
30 
30 
30 
30 
45 
45 
45 
45 
45 
60 
60 
超過 
3.4 
3.6 
以下 
 
5 以下 
超過5   17 以下 
超過17  25 以下 
超過25   29 以下 
超過29   33 以下 
超過33   38 以下 
超過38   43 以下 
超過43   55 以下 
超過55   67 以下 
超過67   90 以下 
超過90  110 以下 
134 
 
 
 
 
 
 
 
 
 
 
 
 
 
 
9 
 
 
 
 
 
 
 
 
10 
22 
22 
 
 
 
 
 
9 
16 
27 
27 
27 
34 
 
 
8 
14 
22 
22 
22 
22 
34 
63 
80 
1.2 
1.4 
1.5 
1.6 
1.6 
1.7 
1.8 
1.9 
2.0 
2.0 
2.0 
60 
60 
60 
60 
60 
90 
90 
90 
120 
150 
150 
30 
30 
30 
30 
30 
45 
45 
45 
45 
60 
60 
超過 
3.6 
3.8 
以下 
 
5 以下 
超過5   15 以下 
超過15  22 以下 
超過22   26 以下 
超過26   30 以下 
超過30   34 以下 
超過34   40 以下 
超過40    50 以下 
超過50   62 以下 
超過62   85 以下 
超過85  105 以下 
124 
 
 
 
 
 
 
 
 
 
 
 
 
 
4 
12 
 
 
 
 
 
 
 
 
12 
22 
22 
 
 
 
 
 
9 
17 
27 
27 
27 
36 
 
 
5 
14 
22 
22 
22 
22 
34 
67 
83 
1.2 
1.4 
1.5 
1.6 
1.6 
1.7 
1.8 
1.9 
2.0 
2.0 
2.0 
60 
60 
60 
60 
60 
90 
90 
90 
120 
150 
150 
30 
30 
30 
30 
30 
45 
45 
45 
45 
60 
60 
超過 
5 以下  
 
 
 
 
 
 
 
 1.2 
60 
30 

 
4
3.8 
4.0 
以下 
 
超過5   15 以下 
超過15  20 以下 
超過20   24 以下 
超過24   28 以下 
超過28   32 以下 
超過32   37 以下 
超過37    46 以下 
超過46   58 以下 
超過58   80 以下 
超過80  100 以下 
 
 
 
 
 
 
 
 
6 
16 
 
 
 
 
 
 
 
14 
22 
22 
 
 
 
 
9 
18 
27 
27 
27 
36 
 
3 
14 
22 
22 
22 
22 
28 
68 
82 
1.4 
1.5 
1.6 
1.6 
1.7 
1.8 
1.9 
2.0 
2.0 
2.0 
60 
60 
60 
60 
90 
90 
90 
120 
150 
150 
30 
30 
30 
30 
45 
45 
45 
45 
60 
60 
超過 
4.0 
4.2 
以下 
 
13 以下 
超過13  16 以下 
超過16  21 以下 
超過21   26 以下 
超過26   29 以下 
超過29   35 以下 
超過35   42 以下 
超過42    55 以下 
超過55   75 以下 
超過75   95 以下 
110 
 
 
 
 
 
 
 
 
 
 
 
 
8 
16 
 
 
 
 
 
 
 
15 
22 
22 
 
 
 
 
9 
14 
27 
27 
27 
36 
2 
4 
11 
22 
22 
22 
28 
34 
65 
80 
1.41
.4 
1.5 
1.6 
1.7 
1.8 
1.8 
2.0 
1.9 
2.0 
60 
60 
60 
60 
90 
90 
90 
120 
150 
150 
30 
30 
30 
30 
45 
45 
45 
45 
60 
60 
超過 
4.2 
4.5 
以下 
 
10 以下 
超過10  14 以下 
超過14  20 以下 
超過20   24 以下 
超過24   30 以下 
超過30   37 以下 
超過37   50 以下 
超過50    70 以下 
超過70   90 以下 
100 
 
 
 
 
 
 
 
 
 
 
 
4 
 
 
 
 
 
 
 
11 
19 
 
 
 
 
 
 
16 
22 
22 
 
 
 
 
15 
27 
27 
27 
30 
2 
8 
14 
22 
28 
28 
34 
68 
107 
1.4 
1.4 
1.6 
1.6 
1.6 
1.8 
2.0 
2.0 
2.0 
60 
60 
60 
60 
60 
60 
120 
150 
150 
30 
30 
30 
30 
30 
45 
45 
60 
60 
超過 
4.5 
5,0 
以下 
 
8 以下 
超過13  12 以下 
超過16  26 以下 
超過21   20 以下 
超過26   26 以下 
超過29   33 以下 
超過35   43 以下 
超過42    60 以下 
超過55   80 以下 
86 
 
 
 
 
 
 
 
 
 
 
 
9 
 
 
 
 
 
 
 
13 
19 
 
 
 
 
 
 
18 
23 
22 
 
 
 
 
16 
27 
27 
27 
45 
2 
8 
16 
28 
28 
28 
31 
68 
85 
1.3 
1.4 
1.5 
1.6 
1.7 
1.8 
2.0 
2.0 
2.0 
60 
60 
60 
60 
90 
90 
120 
150 
150 
30 
30 
30 
30 
45 
45 
45 
60 
60 
超過 
5.0 
5.5 
以下 
 
6 以下 
超過6   10 以下 
超過10   12 以下 
超過12   14 以下 
超過14   17 以下 
超過17   21 以下 
超過21   27 以下 
超過27    37 以下 
超過37   55 以下 
超過55   75 以下 
75 
 
 
 
 
 
 
 
 
 
 
8 
 
 
 
 
 
 
 
 
6 
18 
 
 
 
 
 
 
 
 
20 
20 
 
 
 
 
 
 
 
 
24 
24 
 
 
 
 
 
 
 
18 
28 
49 
 
 
 
 
 
14 
27 
27 
65 
90 
2 
7 
17 
27 
36 
36 
36 
44 
65 
73 
1.3 
1.4 
1.5 
1.5 
1.6 
1.7 
1.8 
1.9 
1.9 
1.9 
60 
60 
60 
60 
60 
90 
90 
90 
150 
150 
30 
30 
30 
30 
30 
45 
45 
45 
60 
60 
超過 
5.5 
6.0 
5 以下 
超過5   10 以下 
超過10  15 以下 
70 
 
 
 
 
 
 
 
 
 
 
 
 
 
 
 
 
 
 
 
2 
16 
36 
1.3 
1.5 
1.5 
60 
60 
60 
30 
30 
30 

 
5
以下 
 
超過15   24 以下 
超過24   33 以下 
超過33   50 以下 
超過50   70 以下 
 
 
 
14 
 
 
9 
18 
 
 
20 
20 
 
 
24 
24 
 
16 
27 
50 
23 
27 
65 
100 
36 
40 
70 
73 
1.8 
1.9 
1.9 
1.9 
90 
90 
150 
150 
45 
45 
60 
60 
超過 
6.0 
6.5 
以下 
 
5 以下 
超過5   12 以下 
超過12  21 以下 
超過21   30 以下 
超過30   45 以下 
超過45   65 以下 
65 
 
 
 
 
 
4 
 
 
 
 
 
16 
 
 
 
 
6 
18 
 
 
 
2 
20 
20 
 
 
 
24 
24 
26 
 
 
 
28 
28 
53 
 
 
23 
35 
56 
92 
5 
32 
36 
45 
73 
73 
1.3 
1.5 
1.8 
1.9 
1.9 
1.9 
60 
60 
90 
90 
150 
150 
30 
30 
45 
45 
60 
60 
超過 
6.5 
7.0 
以下 
 
5 以下 
超過5   11 以下 
超過11  18 以下 
超過18   27 以下 
超過27   40 以下 
超過40   60 以下 
60 
 
 
 
 
 
8 
 
 
 
 
 
16 
 
 
 
 
12 
17 
 
 
 
4 
20 
20 
 
 
 
24 
24 
27 
 
 
 
28 
28 
52 
 
 
25 
35 
65 
95 
30 
34 
36 
45 
95 
105 
1.9 
1.5 
1.7 
1.9 
1.8 
1.8 
60 
60 
60 
60 
150 
150 
30 
30 
45 
45 
60 
60 
超過 
7.0 
8.0 
以下 
 
5 以下 
超過5   10 以下 
超過10  15 以下 
超過15   22 以下 
超過22   35 以下 
超過35   50 以下 
50 
 
 
 
 
 
12 
 
 
 
 
 
16 
 
 
 
 
18 
18 
 
 
 
7 
20 
20 
 
 
 
24 
24 
28 
 
 
 
28 
30 
52 
 
8 
28 
37 
65 
95 
16 
35 
35 
51 
100 
105 
1.5 
1.6 
1.7 
1.8 
1.8 
1.8 
60 
60 
90 
90 
150 
150 
30 
30 
45 
45 
60 
60 
超過 
8.0 
9.0 
以下 
 
5 以下 
超過5   10 以下 
超過10  15 以下 
超過15   20 以下 
超過20   30 以下 
超過30   40 以下 49 
 
 
 
 
 
12 
 
 
 
 
6 
16 
 
 
 
 
18 
18 
 
 
 
13 
20 
20 
 
 
 
24 
24 
24 
 
 
14 
28 
29 
49 
 
20 
28 
44 
65 
90 
30 
35 
35 
51 
100 
105 
1.5 
1.7 
1.8 
1.9 
1.8 
1.8 
60 
90 
90 
90 
150 
150 
30 
45 
45 
45 
60 
60 
 
 
 
 
 
