 
1
 
附表一  高壓室內作業減壓表 
(1) 
作 
業 
壓 
力
(kg/cm
2) 
(2) 
高︵ 
壓分 
下鐘 
時︶ 
間  
(3) 
第壓︵ 
二下分 
次時鐘 
高間︶ 
（4）減壓階（分鐘） 
（5） 
體壓 
內力 
氣係 
體數 
(6) 
中時︵ 
間 分 
壓 鐘 
減間︶ 
(7) 
終時︵ 
工 分 
壓 鐘 
減間︶ 
 
 
1.5 
 
(kg/cm
2) 
 
1.2 
 
(kg/cm
2) 
0.9 
 
(kg/cm
2) 
0.6 
 
(kg/cm
2) 
0.3 
 
(kg/cm
2) 
 
 
超過 
1.0 
1.2 
以下 
30 以下 
超過30  60 以下 
超過60  90 以下 
超過90  120 以下 
超過120 150 以下 
超過150 180 以下 
超過180 210 以下 
超過210 240 以下 
超過240 270 以下 
超過270 300 以下 
超過300 330 以下 
超過330 360 以下 
335 
305 
285 
265 
270 
250 
230 
230 
135 
105 
75 
45 
 
 
 
 
1 
1 
1 
1 
2 
3 
4 
5 
5 
6 
6 
7 
1.2 
1.4 
1.5 
1.6 
1.7 
1.8 
1.9 
1.9 
2.0 
2.0 
2.0 
2.1 
30 
30 
30 
30 
60 
60 
60 
60 
150 
150 
150 
150 
30 
30 
30 
30 
30 
30 
30 
30 
45 
45 
45 
45 
超過 
1.2 
1.4 
以下 
     30 以下 
超過30  60 以下 
超過60  90 以下 
超過90  120 以下 
超過120 150 以下 
超過150 180 以下 
超過180 210 以下 
超過210 240 以下 
超過240 270 以下 
超過270 300 以下 
超過300 330 以下 
295 
270 
255 
255 
240 
215 
210 
210 
130 
100 
70 
 
 
 
 
1 
1 
1 
3 
5 
6 
8 
10 
10 
10 
12 
1.3 
1.5 
1.6 
1.7 
1.8 
1.9 
2.0 
2.0 
2.1 
2.1 
2.2 
30 
30 
30 
60 
60 
60 
60 
60 
150 
150 
150 
30 
30 
30 
30 
30 
30 
30 
30 
45 
45 
45 
超過 
1.4 
1.6 
 以下 
     30 以下 
超過30  60 以下 
超過60  90 以下 
超過90  120 以下 
超過120 150 以下 
超過150 180 以下 
超過180 210 以下 
超過210 240 以下 
超過240 270 以下 
超過270 300 以下 
270 
250 
235 
225 
210 
200 
210 
135 
115 
85 
 
 
 
 
1 
1 
3 
5 
7 
9 
11 
15 
18 
23 
1.3 
1.5 
1.7 
1.8 
1.9 
2.0 
2.1 
2.2 
2.2 
2.2 
30 
30 
60 
60 
30 
60 
90 
150 
150 
150 
30 
30 
30 
30 
30 
30 
45 
45 
45 
45 
超過 
1.6 
1.8 
以下 
     30 以下 
超過30  60 以下 
超過60  90 以下 
超過90  120 以下 
超過120 150 以下 
超過150 180 以下 
超過180 210 以下 
超過210 240 以下 
超過240 270 以下 
275 
245 
235 
225 
215 
205 
170 
110 
75 
 
 
 
 
 
 
 
2 
5 
8 
9 
10 
1 
5 
9 
13 
15 
20 
25 
30 
35 
1.3 
1.6 
1.8 
1.9 
2.0 
2.1 
2.1 
2.2 
2.2 
30 
30 
60 
60 
60 
90 
90 
150 
150 
30 
30 
30 
30 
30 
45 
45 
45 
45 

 
2
超過270 300 以下 50 
17 
35 
2.2 
150 
45 
超過 
1.8 
2.0 
以下 
     30 以下 
超過30  60 以下 
超過60  90 以下 
超過90  120 以下 
超過120 150 以下 
超過150 180 以下 
超過180 210 以下 
超過210 240 以下 
超過240 270 以下 
240 
220 
215 
195 
200 
170 
100 
85 
50 
 
 
 
 
 
 
7 
9 
11 
15 
20 
25 
1 
9 
16 
15 
20 
30 
35 
40 
45 
1.4 
1.6 
1.8 
2.0 
2.1 
2.1 
2.2 
2.2 
2.2 
30 
30 
60 
60 
90 
90 
150 
150 
150 
30 
30 
30 
30 
45 
45 
45 
45 
45 
超過 
2.0 
2.2 
以下 
     30 以下 
超過30  60 以下 
超過60  90 以下 
超過90  120 以下 
超過120 150 以下 
超過150 180 以下 
超過180 210 以下 
超過210 240 以下 
超過240 270 以下 
240 
225 
210 
210 
180 
145 
90 
60 
30 
 
 
 
 
 
8 
12 
15 
23 
25 
30 
31 
1 
11 
15 
20 
30 
40 
45 
50 
60 
1.4 
1.7 
1.9 
2.0 
2.1 
2.1 
2.2 
2.2 
2.2 
30 
60 
60 
90 
90 
90 
150 
150 
150 
30 
30 
30 
30 
45 
45 
45 
45 
45 
超過 
2.2 
2.4 
以下 
30 以下 
超過30  60 以下 
超過60  90 以下 
超過90  120 以下 
超過120 150 以下 
超過150 180 以下 
超過180 210 以下 
超過210 240 以下 
215 
200 
185 
180 
135 
95 
65 
40 
 
 
 
 
 
 
 
5 
10 
14 
 
 
9 
18 
26 
30 
30 
30 
1 
14 
20 
30 
35 
40 
50 
60 
1.4 
1.7 
1.9 
2.0 
2.1 
2.2 
2.2 
2.2 
30 
30 
60 
60 
120 
150 
150 
150 
30 
30 
30 
30 
30 
45 
45 
45 
超過 
2.4 
2.6 
以下 
     30 以下 
超過30  60 以下 
超過60  90 以下 
超過90  120 以下 
超過120 150 以下 
超過150 180 以下 
超過180 210 以下 
超過210 240 以下 
210 
195 
180 
150 
110 
70 
50 
20 
 
 
 
 
 
 
 
6 
15 
18 
 
 
13 
19 
33 
35 
35 
35 
1 
20 
25 
35 
45 
50 
55 
65 
1.5 
1.8 
2.0 
2.1 
2.1 
2.2 
2.2 
2.2 
30 
60 
90 
120 
120 
150 
150 
150 
30 
30 
30 
45 
45 
45 
45 
45 
超過 
2.6 
2.8 
以下 
     30 以下 
超過30  60 以下 
超過60  90 以下 
超過90  120 以下 
超過120 150 以下 
超過150 180 以下 
超過180 210 以下 
180 
170 
150 
120 
85 
55 
35 
 
 
 
 
 
9 
15 
16 
21 
 
10 
17 
25 
30 
35 
40 
2 
15 
30 
35 
45 
55 
60 
1.5 
1.8 
2.0 
2.1 
2.2 
2.2 
2.2 
30 
30 
60 
120 
150 
150 
150 
30 
30 
30 
45 
45 
45 
45 
超過 
2.8 
3.0 
以下 
15 以下 
超過15  30 以下 
超過30  45 以下 
超過45    60 以下 
超過60    75 以下 
超過75   90 以下 
超過90  105 以下 
超過105 120 以下 
超過120 135 以下 
195 
180 
165 
150 
135 
120 
105 
90 
75 
 
 
 
 
 
 
 
4 
11 
13 
15 
 
 
3 
13 
18 
20 
25 
30 
35 
2 
5 
15 
20 
30 
40 
40 
45 
45 
1.3 
1.5 
1.7 
1.9 
2.0 
2.0 
2.1 
2.1 
2.2 
30 
30 
60 
60 
90 
90 
120 
120 
150 
30 
30 
45 
45 
45 
45 
45 
45 
60 

 
3
超過135 150 以下 
超過150 165 以下 
超過165 180 以下 
超過180 195 以下 
超過195 210 以下 
60 
45 
30 
15 
0 
18 
23 
20 
24 
26 
35 
35 
40 
40 
40 
50 
55 
60 
65 
75 
2.2 
2.2 
2.2 
2.2 
2.2 
150 
150 
150 
150 
60 
60 
60 
60 
60 
超過 
3.0 
3.2 
以下 
15 以下 
超過15  30 以下 
超過30  45 以下 
超過45   60 以下 
超過60   75 以下 
超過75   90 以下 
超過90  105 以下 
超過105 120 以下 
超過120 135 以下 
超過135 150 以下 
超過150 165 以下 
超過165 180 以下 
超過180 195 以下 
180 
165 
150 
135 
120 
105 
90 
75 
60 
45 
30 
15 
0 
 
 
 
 
 
 
 
 
 
 
 
 
 
5 
 
 
 
 
 
10 
12 
15 
20 
20 
22 
25 
25 
 
 
11 
18 
25 
25 
30 
35 
40 
40 
40 
40 
40 
2 
9 
15 
25 
35 
40 
45 
50 
50 
60 
65 
70 
75 
1.3 
1.6 
1.8 
1.9 
2.0 
2.0 
2.1 
2.1 
2.2 
2.2 
2.2 
2.2 
2.2 
30 
30 
60 
60 
90 
90 
120 
150 
150 
150 
150 
150 
30 
30 
45 
45 
45 
45 
45 
60 
60 
60 
60 
60 
60 
超過 
3.2 
3.4 
以下 
 
 
 
15 以下 
超過15  30 以下 
超過30  45 以下 
超過45   60 以下 
超過60   75 以下 
超過75   90 以下 
超過90  105 以下 
超過105 120 以下 
超過120 135 以下 
超過135 150 以下 
超過150 165 以下 
超過165 180 以下 
165 
150 
135 
120 
105 
90 
75 
60 
45 
30 
10 
0 
 
 
 
 
 
 
 
5 
9 
10 
12 
14 
16 
 
 
 
 
13 
15 
15 
15 
20 
25 
25 
25 
 
 
14 
21 
25 
35 
35 
40 
40 
40 
40 
40 
2 
13 
20 
30 
35 
45 
55 
60 
65 
65 
70 
75 
1.4 
1.6 
1.8 
1.9 
2.0 
2.1 
2.1 
2.1 
2.1 
2.2 
2.2 
2.2 
60 
60 
90 
90 
120 
120 
120 
150 
150 
150 
150 
30 
30 
45 
45 
45 
45 
45 
60 
60 
60 
60 
60 
超過 
3.4 
3.6 
以下 
 
15 以下 
超過15  30 以下 
超過30  45 以下 
超過45   60 以下 
超過60   75 以下 
超過75   90 以下 
超過90  105 以下 
超過105 120 以下 
超過120 135 以下 
超過135 150 以下 
超過150 165 以下 
150 
135 
120 
105 
90 
75 
60 
45 
30 
15 
0 
 
 
 
 
 
 
 
 
9 
14 
16 
18 
 
 
 
5 
11 
18 
25 
25 
25 
25 
25 
 
 
15 
20 
25 
30 
35 
40 
40 
40 
40 
2 
17 
25 
35 
50 
60 
65 
65 
70 
75 
80 
1.4 
1.6 
1.8 
2.0 
2.0 
2.0 
2.1 
2.1 
2.1 
2.2 
2.2 
60 
60 
90 
120 
120 
120 
150 
150 
150 
150 
30 
30 
45 
45 
45 
45 
60 
60 
60 
60 
60 
超過 
3.6 
3.8 
以下 
 
15 以下 
超過15  30 以下 
超過30  45 以下 
超過45   60 以下 
超過60   75 以下 
超過75   90 以下 
超過90  105 以下 
超過105 120 以下 
超過120 135 以下 
超過135 150 以下 
135 
120 
105 
90 
75 
65 
45 
30 
15 
0 
 
 
 
 
 
 
 
5 
8 
11 
 
 
 
 
5 
12 
14 
15 
20 
20 
 
 
 
9 
15 
20 
25 
25 
25 
25 
 
 
20 
25 
30 
30 
35 
35 
35 
40 
2 
21 
25 
35 
50 
60 
65 
70 
70 
70 
1.4 
1.7 
1.9 
2.0 
2.0 
2.1 
2.1 
2.1 
2.2 
2.2 
60 
90 
90 
120 
120 
120 
150 
150 
150 
30 
45 
45 
45 
45 
45 
60 
60 
60 
60 

 
4
超過 
3.8 
4.0 
以下 
 
15 以下 
超過15  30 以下 
超過30  45 以下 
超過45   60 以下 
超過60   75 以下 
超過75   90 以下 
超過90  105 以下 
超過105 120 以下 
超過120 135 以下 
120 
105 
90 
75 
60 
45 
30 
15 
0 
 
 
 
 
 
 
7 
11 
11 
 
 
 
 
7 
15 
15 
15 
20 
 
 
 
12 
20 
20 
20 
25 
25 
 
 
15 
20 
30 
35 
35 
35 
40 
2 
25 
35 
45 
55 
65 
70 
70 
70 
1.4 
1.7 
1.9 
2.0 
2.0 
2.1 
2.1 
2.2 
2.2 
60 
90 
90 
120 
120 
150 
150 
150 
30 
45 
45 
45 
45 
60 
60 
60 
60 
 
 
 
 
 
